# name: inference/iris.test
# description: Simple Iris inference
# groups: [Inference]

### Model Inference with multiple Parameters
### Model is registered with 4 input parameters and three output parameters

Source streamFloat FLOAT32 p1 FLOAT32 p2 FLOAT32 p3 FLOAT32 p4 FILE
TESTDATA/small/iris.csv

MODEL iris4 TESTDATA/model/iris.onnx
FLOAT32 FLOAT32 FLOAT32 FLOAT32
FLOAT32 setosa FLOAT32 versicolor FLOAT32 virginica

SINK classificationThreeSeparate FLOAT32 setosa FLOAT32 versicolor FLOAT32 virginica

SELECT setosa, versicolor, virginica
FROM (SELECT INFER_MODEL(iris4, (p1,p2,p3,p4)) FROM streamFloat)
INTO classificationThreeSeparate
----
0.000526,0.06926,0.930214
0.001352,0.100895,0.897754
0.003044,0.11219,0.884766
0.00176,0.095346,0.902895
0.002663,0.086031,0.911306
0.00071,0.032729,0.966561
0.002941,0.079857,0.917202
0.001544,0.080291,0.918164
0.002301,0.116612,0.881086
0.001385,0.110473,0.888142
0.001352,0.067434,0.931214
0.001533,0.07573,0.922737
0.001812,0.12849,0.869698
0.007778,0.193145,0.799077
0.002691,0.083591,0.913718
0.001638,0.036167,0.962195
0.002175,0.053527,0.944299
0.00172,0.067861,0.930418
0.000495,0.038522,0.960983
0.001946,0.058323,0.939731
0.000517,0.058209,0.941274
0.001429,0.047084,0.951486
0.014,0.152084,0.833916
0.000399,0.031885,0.967716
0.000666,0.054377,0.944957
0.000682,0.079378,0.91994
0.000828,0.0453,0.953871
0.001351,0.074513,0.924136
0.001555,0.085101,0.913343
0.001338,0.081539,0.917123
0.001022,0.081477,0.917501
0.000638,0.04568,0.953682
0.003698,0.084338,0.911964
0.003075,0.069504,0.927422
0.001385,0.110473,0.888142
0.002678,0.115867,0.881455
0.001567,0.086183,0.912251
0.001385,0.110473,0.888142
0.003457,0.126287,0.870256
0.00135,0.078303,0.920347
0.002592,0.078662,0.918747
0.001058,0.114696,0.884246
0.004538,0.120473,0.874989
0.000662,0.027796,0.971542
0.000532,0.028417,0.971051
0.001311,0.082726,0.915963
0.001753,0.064544,0.933703
0.002649,0.103495,0.893856
0.001547,0.069167,0.929286
0.001776,0.091617,0.906607
0.0,0.00004,0.99996
0.0,0.000045,0.999955
0.0,0.000023,0.999977
0.0,0.000198,0.999802
0.0,0.000039,0.999961
0.0,0.000091,0.999909
0.0,0.000026,0.999974
0.000002,0.001386,0.998612
0.0,0.000066,0.999934
0.0,0.000182,0.999818
0.000001,0.001031,0.998968
0.0,0.000077,0.999923
0.0,0.000407,0.999593
0.0,0.000048,0.999952
0.0,0.000339,0.999661
0.0,0.000065,0.999935
0.0,0.000053,0.999947
0.0,0.000362,0.999637
0.0,0.000048,0.999952
0.0,0.000385,0.999615
0.0,0.000014,0.999986
0.0,0.000173,0.999827
0.0,0.000026,0.999974
0.0,0.000083,0.999917
0.0,0.000105,0.999895
0.0,0.000066,0.999934
0.0,0.000036,0.999964
0.0,0.000012,0.999988
0.0,0.000049,0.999951
0.000001,0.000831,0.999169
0.0,0.000455,0.999545
0.0,0.000691,0.999308
0.0,0.00028,0.99972
0.0,0.000016,0.999984
0.0,0.000056,0.999944
0.0,0.000037,0.999963
0.0,0.000032,0.999968
0.0,0.000095,0.999905
0.0,0.000164,0.999836
0.0,0.000196,0.999803
0.0,0.000145,0.999855
0.0,0.000055,0.999945
0.0,0.000243,0.999757
0.000002,0.001363,0.998635
0.0,0.000143,0.999856
0.0,0.000183,0.999817
0.0,0.00014,0.99986
0.0,0.00011,0.99989
0.000003,0.001538,0.998459
0.0,0.000162,0.999838
0.0,0.0,1.0
0.0,0.000007,0.999993
0.0,0.000001,0.999999
0.0,0.000004,0.999996
0.0,0.000001,0.999999
0.0,0.0,1.0
0.0,0.000036,0.999964
0.0,0.000001,0.999999
0.0,0.000003,0.999997
0.0,0.0,1.0
0.0,0.000005,0.999995
0.0,0.000005,0.999995
0.0,0.000002,0.999998
0.0,0.000007,0.999993
0.0,0.000002,0.999998
0.0,0.000002,0.999998
0.0,0.000005,0.999995
0.0,0.0,1.0
0.0,0.0,1.0
0.0,0.000025,0.999975
0.0,0.000001,0.999999
0.0,0.000008,0.999992
0.0,0.0,1.0
0.0,0.000012,0.999988
0.0,0.000001,0.999999
0.0,0.000002,0.999998
0.0,0.000014,0.999986
0.0,0.000012,0.999988
0.0,0.000002,0.999998
0.0,0.000005,0.999995
0.0,0.000001,0.999999
0.0,0.000001,0.999999
0.0,0.000001,0.999999
0.0,0.00002,0.99998
0.0,0.000014,0.999986
0.0,0.0,1.0
0.0,0.000001,0.999999
0.0,0.000005,0.999995
0.0,0.000014,0.999986
0.0,0.000002,0.999998
0.0,0.000001,0.999999
0.0,0.000002,0.999998
0.0,0.000007,0.999993
0.0,0.000001,0.999999
0.0,0.000001,1.0
0.0,0.000002,0.999998
0.0,0.000008,0.999992
0.0,0.000004,0.999996
0.0,0.000002,0.999998
0.0,0.00001,0.99999
0.130205,0.778367,0.091427



## With a custom function we can recreate the label

SINK classification VARSIZED streamFloat$flower

SELECT iris_label(setosa, versicolor, virginica) as flower
FROM (SELECT INFER_MODEL(iris4, (p1,p2,p3,p4)) FROM streamFloat)
INTO classification
----
versicolor
virginica
virginica
virginica
virginica
virginica
virginica
virginica
virginica
virginica
virginica
virginica
virginica
virginica
virginica
virginica
virginica
virginica
virginica
virginica
virginica
virginica
virginica
virginica
virginica
virginica
virginica
virginica
virginica
virginica
virginica
virginica
virginica
virginica
virginica
virginica
virginica
virginica
virginica
virginica
virginica
virginica
virginica
virginica
virginica
virginica
virginica
virginica
virginica
virginica
virginica
virginica
virginica
virginica
virginica
virginica
virginica
virginica
virginica
virginica
virginica
virginica
virginica
virginica
virginica
virginica
virginica
virginica
virginica
virginica
virginica
virginica
virginica
virginica
virginica
virginica
virginica
virginica
virginica
virginica
virginica
virginica
virginica
virginica
virginica
virginica
virginica
virginica
virginica
virginica
virginica
virginica
virginica
virginica
virginica
virginica
virginica
virginica
virginica
virginica
virginica
virginica
virginica
virginica
virginica
virginica
virginica
virginica
virginica
virginica
virginica
virginica
virginica
virginica
virginica
virginica
virginica
virginica
virginica
virginica
virginica
virginica
virginica
virginica
virginica
virginica
virginica
virginica
virginica
virginica
virginica
virginica
virginica
virginica
virginica
virginica
virginica
virginica
virginica
virginica
virginica
virginica
virginica
virginica
virginica
virginica
virginica
virginica
virginica
virginica
virginica

## Model Inference with VarSized input and and multiple output parameters
Source streamVarsized VARSIZED data INLINE
aaaaaaaaaaaaaaaa

Sink classificationVarsized VARSIZED streamVarsized$data VARSIZED streamVarsized$flower

MODEL iris TESTDATA/model/iris.onnx
VARSIZED
FLOAT32 setosa FLOAT32 versicolor FLOAT32 virginica

SELECT data, iris_label(setosa, versicolor, virginica) as flower
FROM (SELECT INFER_MODEL(iris, (data)) FROM streamVarsized)
INTO classificationVarsized
----
aaaaaaaaaaaaaaaa,virginica


## ArgMax function on output vector
Sink classificationVarsizedArgMax UINT64 streamVarsized$index

MODEL iris_varsized TESTDATA/model/iris.onnx
VARSIZED
VARSIZED species_vector

SELECT ArgMax(species_vector) as index
FROM (SELECT INFER_MODEL(iris_varsized, (data)) FROM streamVarsized)
INTO classificationVarsizedArgMax
----
2
